0, 43, 68, 32, 39, 73, 42, 69, 5, 12
43, 0, 6, 90, 98, 66, 30, 13, 46, 78
68, 6, 0, 60, 9, 36, 81, 66, 61, 1
32, 90, 60, 0, 94, 27, 6, 22, 69, 33
39, 98, 9, 94, 0, 87, 76, 30, 31, 18
73, 66, 36, 27, 87, 0, 56, 10, 93, 86
42, 30, 81, 6, 76, 56, 0, 50, 74, 97
69, 13, 66, 22, 30, 10, 50, 0, 97, 5
5, 46, 61, 69, 31, 93, 74, 97, 0, 52
12, 78, 1, 33, 18, 86, 97, 5, 52, 0
