0, 13, 32, 19, 100, 70, 91, 57, 79, 95, 71
13, 0, 27, 33, 17, 98, 56, 37, 67, 63, 15
32, 27, 0, 67, 76, 8, 31, 6, 79, 66, 83
19, 33, 67, 0, 46, 90, 96, 38, 36, 80, 91
100, 17, 76, 46, 0, 34, 47, 1, 80, 14, 79
70, 98, 8, 90, 34, 0, 97, 90, 37, 40, 77
91, 56, 31, 96, 47, 97, 0, 87, 62, 61, 12
57, 37, 6, 38, 1, 90, 87, 0, 96, 4, 78
79, 67, 79, 36, 80, 37, 62, 96, 0, 37, 74
95, 63, 66, 80, 14, 40, 61, 4, 37, 0, 43
71, 15, 83, 91, 79, 77, 12, 78, 74, 43, 0
