0, 97, 94, 74, 29, 43
97, 0, 44, 19, 97, 56
94, 44, 0, 95, 46, 23
74, 19, 95, 0, 36, 47
29, 97, 46, 36, 0, 10
43, 56, 23, 47, 10, 0
