0, 83, 25, 83, 39, 10, 88
83, 0, 57, 28, 95, 83, 75
25, 57, 0, 50, 84, 41, 100
83, 28, 50, 0, 33, 10, 94
39, 95, 84, 33, 0, 59, 53
10, 83, 41, 10, 59, 0, 85
88, 75, 100, 94, 53, 85, 0
